len=39: 02 00 00 00 00 00 00 01 31 c0 b7 94 01 a3 98 93 4e 5d 16 25 81 52 80 6f 8f 2b 4c 14 14 82 ab 45 7f 97 26 41 14 14 88 
len=39: 02 00 00 00 00 00 00 01 31 20 b8 94 01 a3 98 93 4b 5b 16 25 81 52 80 6f 8f 2c 4a 14 14 82 aa 45 7f 97 25 40 14 14 88 
len=39: 02 00 00 00 00 00 00 01 31 78 b8 94 01 a3 98 93 49 5b 16 25 81 52 80 6f 8f 2c 4a 14 14 82 aa 45 7f 97 27 40 14 14 88 
len=39: 02 00 00 00 00 00 00 01 31 d0 b8 94 01 83 98 93 4b 5c 16 24 81 53 80 6f 8f 2b 4a 14 14 82 aa 25 7f 97 28 41 14 14 88 
len=39: 02 00 00 00 00 00 00 01 31 28 b9 94 01 83 98 93 4a 5c 16 24 81 52 80 6f 8f 2d 4b 14 15 82 aa 25 7f 97 26 41 14 15 88 
len=39: 02 00 00 00 00 00 00 01 31 88 b9 94 01 83 98 93 4a 5c 16 24 81 52 a0 6f 8f 2c 49 14 15 82 aa 25 7f 97 25 40 14 15 88 
len=39: 02 00 00 00 00 00 00 01 31 e0 b9 94 01 83 98 93 4a 5c 16 23 81 52 80 6f 8f 2c 49 14 16 82 aa 45 7f 97 26 40 14 16 88 
len=39: 02 00 00 00 00 00 00 01 31 38 ba 94 01 83 98 93 4c 5c 16 21 81 52 80 6f 8f 2d 4b 14 17 82 aa 45 7f 97 26 41 14 17 88 
len=39: 02 00 00 00 00 00 00 01 31 90 ba 94 01 83 98 93 4c 5e 16 20 81 51 80 6f 8f 2f 49 14 17 82 a9 45 7f 97 27 3f 14 17 88 
len=39: 02 00 00 00 00 00 00 01 31 f0 ba 94 01 83 98 93 4b 5d 16 20 81 51 80 6f 8f 30 4a 14 17 82 a9 25 7f 97 26 40 14 17 88 
