len=30: 02 00 00 00 00 00 00 01 31 90 37 94 2f a2 92 93 37 58 16 1c 83 53 65 a2 97 5d 58 16 19 2b 
len=30: 02 00 00 00 00 00 00 01 31 f0 37 94 2f a2 92 93 38 5a 16 1c 83 53 65 a2 97 5e 59 17 19 2b 
len=30: 02 00 00 00 00 00 00 01 31 48 38 94 2f a2 92 93 36 58 16 1d 83 53 65 a2 97 5e 57 16 19 2b 
len=30: 02 00 00 00 00 00 00 01 31 a0 38 94 2f c2 92 93 36 57 16 1d 83 53 85 a2 97 5e 5a 16 19 8b 
len=30: 02 00 00 00 00 00 00 01 31 f8 38 94 2f c2 92 93 35 56 16 1c 83 53 85 a2 97 61 5c 16 19 6b 
len=30: 02 00 00 00 00 00 00 01 31 58 39 94 2f e2 92 93 35 57 16 1c 83 53 85 a2 97 5e 5a 16 19 4b 
len=30: 02 00 00 00 00 00 00 01 31 b0 39 94 2f c2 92 93 37 58 16 1c 83 53 85 a2 97 5f 5b 17 19 4b 
len=30: 02 00 00 00 00 00 00 01 31 08 3a 94 30 c2 92 93 35 53 16 1c 83 53 85 a2 97 5e 57 16 19 2b 
len=30: 02 00 00 00 00 00 00 01 31 60 3a 94 2f c2 92 93 37 58 16 1c 83 53 85 a2 97 5c 59 16 19 8b 
len=30: 02 00 00 00 00 00 00 01 31 c0 3a 94 30 c2 92 93 39 5a 16 1c 83 53 85 a2 97 5b 59 16 19 8b 
